-0.122214 -1.271364 -1.863336
2.220352 -0.570596 -0.782738
0.681366 -0.915641 0.005483
-0.237925 0.505309 0.035050
-0.050006 -1.795083 0.206930
0.506357 -0.195754 2.215085
0.477330 0.165920 0.110875
-0.266226 -0.336168 -0.299224
-0.224353 -0.267137 -0.182319
0.234333 0.633768 0.216080
-0.568329 -0.746442 -0.717400
1.290161 0.231295 0.417914
0.355012 2.150477 0.633542
1.308911 -0.701035 -1.963617
-0.835626 -1.794812 -1.434466
-1.345443 -0.060362 0.095601
-0.689765 -0.101527 1.697839
1.029000 0.058566 1.683812
-1.353684 -1.664250 1.880534
1.637117 -0.962875 -1.571181
-0.967716 -0.653141 0.514110
-0.193111 -0.407154 0.269427
-0.066058 0.349414 0.305141
-1.232832 -0.327427 -0.448842
-0.930853 -1.805997 -0.721682
-1.839187 0.169859 0.872724
1.315997 -0.475807 1.308138
1.113439 -0.854661 -0.238922
-1.893094 0.569223 -0.489550
-0.413011 0.381542 0.038497
-0.171100 1.071902 -0.309621
-2.227107 -2.155682 0.501726
0.020286 0.908365 -0.151985
-0.954027 -0.450150 -1.164105
0.798311 -2.263250 -0.172898
-0.142967 -2.438341 -1.269102
1.291058 0.229592 -0.673572
0.576097 0.107882 0.657441
0.329624 0.109416 -0.537109
-2.861259 -0.984548 0.295714
-0.104930 1.040986 0.184203
0.237624 2.053701 0.182930
-2.120069 0.820771 -0.406367
-1.493871 -0.205364 -0.099237
1.276141 -1.074209 -0.632864
-0.091632 -0.212551 0.539166
1.206991 -0.116583 -0.723658
0.951488 -0.578941 -1.196238
0.921918 0.681255 -0.729133
-0.762282 0.413100 -0.263793
0.783552 2.064934 -0.477012
1.636684 0.355292 1.143189
0.597654 1.557588 1.308193
0.680398 1.067497 0.370366
-1.526997 0.366813 1.952611
-0.835113 -0.611796 -2.758557
-0.624945 1.238221 0.995815
-0.569238 0.402801 -1.773820
-1.857914 -0.947344 0.240423
-1.024487 0.611813 1.123010
-0.666676 -1.682033 0.960091
-0.112435 -1.402544 0.779140
-2.792746 -1.807005 1.481455
1.165949 -1.419508 0.552900
-1.269891 1.336480 -0.825173
0.304602 -0.111884 0.976911
-0.473141 -1.750959 0.555135
-0.629818 -0.618080 -0.924229
1.428218 1.024739 -1.319824
0.884224 -0.475262 -0.415094
0.679638 1.942965 -0.463666
-0.436290 -1.744116 -0.584111
0.410950 -2.842772 -0.073345
-0.247562 -0.151587 0.239000
1.687567 1.600122 0.727082
-1.013081 0.404380 -0.372803
0.370853 -0.233335 -0.360589
-0.703321 -0.105616 0.822927
0.230826 1.241633 0.684328
0.755664 -0.116215 -0.018024
1.210047 -1.270594 1.203580
-0.193480 -0.403696 -0.590965
-0.790411 -0.414103 1.407855
0.633859 -0.551062 0.154542
0.043043 -0.169706 0.296185
0.340964 0.775831 1.128831
-0.202971 0.152521 -1.140439
0.433049 -0.443768 1.369084
2.150476 1.796390 0.377916
0.452596 -0.275003 -0.911076
-0.939032 0.997246 -1.100130
0.674228 0.958979 -0.996353
1.127889 -0.679876 -1.233383
0.625084 -1.051187 -0.100064
-0.096927 0.056449 0.778731
0.861182 0.546862 -0.866679
-0.111329 -1.254936 -0.339317
0.363020 0.566429 0.616008
1.292239 0.460932 -0.858873
0.280143 -0.049495 -0.097183
